-0.0996111347803897
0.0852193362476394
-0.615550238460093
-0.00908117788335361
0.98624552133784
-0.29801361043845
0.320556946713737
0.540358257265928
-0.618323905215749
0.678518892116155
0.385879662533235
-0.207309031489915
-0.891863509962272
-0.59231403451055
0.799655098374772
-0.246439089647699
0.628179157910952
-0.656955852944849
0.0266016577494339
0.430517983357663
0.710362198627723
-0.309995972230097
0.402248890792136
-0.578994471383744
-0.578457426083487
0.871437330670393
0.0918007004502233
0.786519394156765
-0.75632612209596
-0.655097733091143
0.755922831481287
-0.419170603816943
0.231222504391904
-0.162164526601399
-0.496780414831257
0.98287880233623
0.76534854516636
-0.731636172966862
-0.118896636701607
-0.864266234386836
-0.250144967460141
-0.349701636168036
0.690727358539927
0.156623005474276
-0.580762833161635
0.95532059294885
-0.479434631522482
-0.303858253780686
-0.617350629352662
-0.964694175852786
-0.558281203526203
0.704614460330743
0.368095852140382
0.424029039882137
0.903370737053161
0.022514920226538
-0.986258603626051
-0.0452516307333725
0.726423987991374
0.439821611829019
